111011000000000000000000000000010000000111110011001000000000000
000000000001000000000000000101100000000000000000000000100000000
111100110100000000000000000000000010000000000100101010000000000
000000000000001000000000010011000101000011101011000001110111010
000111011011100000010000111110111110000001000011111100111000000
100001111110000000110010000010000001100101110000000000000000000
000011000000000000101000000000000001101000001000000000000000000
000000000000000000001000010110010101000110010010000111010100010
110000000010000000000100000000000000010000100000000000010000101
111000000000000000000010000010000000000000000000010000000000000
000000011111111011011101010111010100110000111011001010100001100
100001000000000000011000100000000000000000000100000000000100000
011111100000001111100000010111110110000000000000000000000000000
000000000000001111110000001011111000000011111011110111001101011
000101101010010010100000111100110001010010000011000100000100000
111100000000000000000000000010000101111001000010000000000100010
101000101100000001000000000001000000000000000001001000000000010
000000010110000000000000000001100000000000000000000000001000000
000010010000000011111110110111010101110101001100001110110010101
000011001000010000000000000000001000000000000000000000000000000
000000000111111000000011111000000101111100000000000000000000000
000000000000000000000011111100000010111110000000111110111101110
011010110001011010100100101000001111001100010100100000110001000
001000001111000000000000000000000000011111101000000000000000000
010000000000000000000000000100111000000100000000000000001000000
000000000000010000000110000100011100000010000000000000000000100
000000000000000000000010000000000000000000000011111110110111001
011101010011000011110110010101000011001000010000011110111001101
011000101101101001001010000011100110001010010000011000100000100
000111100110110111111111101101111111111011111111111110111111111
110110010111111111110111101110000000010000000000000000000000
